{
  "nbformat": 4,
  "nbformat_minor": 0,
  "metadata": {
    "colab": {
      "name": "IITB DS Assignment -1 - DS.ipynb",
      "provenance": [],
      "collapsed_sections": [],
      "include_colab_link": true
    },
    "kernelspec": {
      "name": "python3",
      "display_name": "Python 3"
    }
  },
  "cells": [
    {
      "cell_type": "markdown",
      "metadata": {
        "id": "view-in-github",
        "colab_type": "text"
      },
      "source": [
        "<a href=\"https://colab.research.google.com/github/thiruragu/SHALA_2020/blob/master/IITB_DS_Assignment_1_DS.ipynb\" target=\"_parent\"><img src=\"https://colab.research.google.com/assets/colab-badge.svg\" alt=\"Open In Colab\"/></a>"
      ]
    },
    {
      "cell_type": "markdown",
      "metadata": {
        "id": "hmr2U-GChnlR",
        "colab_type": "text"
      },
      "source": [
        "\n",
        "# **Assignment - 1 : Getting Started**\n",
        "\n",
        "---\n",
        "\n",
        "This assignment will get you familiarized with python libraries required for ***data science*** and ***machine learning***. You will have to complete the code snippets and run them. "
      ]
    },
    {
      "cell_type": "markdown",
      "metadata": {
        "id": "211pD45xEO0u",
        "colab_type": "text"
      },
      "source": [
        "## **Note :**   Use only the methods and attributes of the ```numpy``` library. **Do not** hard-code them. Avoid loops as much as possible."
      ]
    },
    {
      "cell_type": "markdown",
      "metadata": {
        "id": "O7v9C4mun3SQ",
        "colab_type": "text"
      },
      "source": [
        "---\n",
        "## Part - 1\n",
        " In this part, you will work with the library ```numpy```. \n",
        "\n",
        "\n"
      ]
    },
    {
      "cell_type": "markdown",
      "metadata": {
        "id": "846yDaXQwiMD",
        "colab_type": "text"
      },
      "source": [
        "Import ```numpy``` with an alias name ```np```. Initialize two arrays $a$, $b$ of size $3 \\times 5$ with random values and print them. "
      ]
    },
    {
      "cell_type": "code",
      "metadata": {
        "id": "_MyeCO3_o3oq",
        "colab_type": "code",
        "outputId": "4638fc39-1cc8-4dcd-ff02-ba60490ef747",
        "colab": {
          "base_uri": "https://localhost:8080/",
          "height": 168
        }
      },
      "source": [
        "import numpy as np\n",
        "a = (np.random.rand(3,5))\n",
        "b = (np.random.rand(3,5))\n",
        "print(\"a =\\n\",a,\"\\n\\nb =\\n\",b)"
      ],
      "execution_count": 0,
      "outputs": [
        {
          "output_type": "stream",
          "text": [
            "a =\n",
            " [[0.19305061 0.20911052 0.61725943 0.58376796 0.03270144]\n",
            " [0.45854071 0.60867855 0.29722595 0.46230334 0.56425698]\n",
            " [0.16337162 0.22760813 0.72448763 0.05068185 0.56123774]] \n",
            "\n",
            "b =\n",
            " [[0.67271517 0.84339389 0.1124615  0.62981785 0.71880071]\n",
            " [0.57625542 0.21789389 0.16225806 0.969439   0.6718261 ]\n",
            " [0.01753622 0.178504   0.59531183 0.43851473 0.70220834]]\n"
          ],
          "name": "stdout"
        }
      ]
    },
    {
      "cell_type": "markdown",
      "metadata": {
        "id": "p7jtpYT4wiO6",
        "colab_type": "text"
      },
      "source": [
        "Initialize and print two arrays $c$ and $d$ having the following properties:\n",
        "*   $c$ is a row vector with all non-negative integer values less than 100\n",
        "* $d$ is a square matrix of size 3 having all entries as 0.0"
      ]
    },
    {
      "cell_type": "code",
      "metadata": {
        "id": "a2lJdRf8x9f2",
        "colab_type": "code",
        "outputId": "2f95c01e-65d2-46f3-90b5-dd3f46569798",
        "colab": {
          "base_uri": "https://localhost:8080/",
          "height": 202
        }
      },
      "source": [
        "c = np.arange(100)\n",
        "d = np.zeros((3,3))\n",
        "print(\"c =\\n\",c,\"\\n\\nd =\\n\",d)"
      ],
      "execution_count": 0,
      "outputs": [
        {
          "output_type": "stream",
          "text": [
            "c =\n",
            " [ 0  1  2  3  4  5  6  7  8  9 10 11 12 13 14 15 16 17 18 19 20 21 22 23\n",
            " 24 25 26 27 28 29 30 31 32 33 34 35 36 37 38 39 40 41 42 43 44 45 46 47\n",
            " 48 49 50 51 52 53 54 55 56 57 58 59 60 61 62 63 64 65 66 67 68 69 70 71\n",
            " 72 73 74 75 76 77 78 79 80 81 82 83 84 85 86 87 88 89 90 91 92 93 94 95\n",
            " 96 97 98 99] \n",
            "\n",
            "d =\n",
            " [[0. 0. 0.]\n",
            " [0. 0. 0.]\n",
            " [0. 0. 0.]]\n"
          ],
          "name": "stdout"
        }
      ]
    },
    {
      "cell_type": "markdown",
      "metadata": {
        "id": "qqgtSsa88Zmh",
        "colab_type": "text"
      },
      "source": [
        "We have $e$ as following : ```e = [[1,2,3],[4,5,6],[7,8,9]]```. Change $e$ as a numpy array and print it."
      ]
    },
    {
      "cell_type": "code",
      "metadata": {
        "id": "Krhm4bVE7RET",
        "colab_type": "code",
        "outputId": "ce68a535-f393-4d88-b77f-bfff41fdc45c",
        "colab": {
          "base_uri": "https://localhost:8080/",
          "height": 84
        }
      },
      "source": [
        "e = [[1,2,3],[4,5,6],[7,8,9]]\n",
        "e = np.array(e)\n",
        "print(\"e =\\n\",e)"
      ],
      "execution_count": 0,
      "outputs": [
        {
          "output_type": "stream",
          "text": [
            "e =\n",
            " [[1 2 3]\n",
            " [4 5 6]\n",
            " [7 8 9]]\n"
          ],
          "name": "stdout"
        }
      ]
    },
    {
      "cell_type": "markdown",
      "metadata": {
        "id": "1qTikI0foam9",
        "colab_type": "text"
      },
      "source": [
        "$f$ and $g$ are two square matrices of size 5 such that all the entries of $f$ are 1 and $g$ is an identity matrix. Initialize them and print them"
      ]
    },
    {
      "cell_type": "code",
      "metadata": {
        "id": "DvaLckI49aBV",
        "colab_type": "code",
        "outputId": "68a5c8a0-0e10-43ef-e200-3e39b812c66c",
        "colab": {
          "base_uri": "https://localhost:8080/",
          "height": 235
        }
      },
      "source": [
        "f = np.ones((5,5))\n",
        "g = np.eye(5)\n",
        "print(\"f =\\n\",f,\"\\n\\ng =\\n\",g)"
      ],
      "execution_count": 0,
      "outputs": [
        {
          "output_type": "stream",
          "text": [
            "f =\n",
            " [[1. 1. 1. 1. 1.]\n",
            " [1. 1. 1. 1. 1.]\n",
            " [1. 1. 1. 1. 1.]\n",
            " [1. 1. 1. 1. 1.]\n",
            " [1. 1. 1. 1. 1.]] \n",
            "\n",
            "g =\n",
            " [[1. 0. 0. 0. 0.]\n",
            " [0. 1. 0. 0. 0.]\n",
            " [0. 0. 1. 0. 0.]\n",
            " [0. 0. 0. 1. 0.]\n",
            " [0. 0. 0. 0. 1.]]\n"
          ],
          "name": "stdout"
        }
      ]
    },
    {
      "cell_type": "markdown",
      "metadata": {
        "id": "gcBZAZibAKcg",
        "colab_type": "text"
      },
      "source": [
        "Reshape $c$ into a $10 \\times 10$ matrix and name it $h$. Now flatten $h$, call it $c^\\prime$ and print **YES** when the shapes of $c$ and $c^\\prime$ are same. Otherwise print **NO**."
      ]
    },
    {
      "cell_type": "code",
      "metadata": {
        "id": "I71vtO9bA9Pi",
        "colab_type": "code",
        "outputId": "d7932306-2d61-4716-babc-1b5cee212ebe",
        "colab": {
          "base_uri": "https://localhost:8080/",
          "height": 34
        }
      },
      "source": [
        "h = np.reshape(c,(10,10))\n",
        "c1 = h.flatten()\n",
        "if np.shape(c) == np.shape(c1):\n",
        "    print(\"Yes\")\n",
        "else:\n",
        "    print(\"No\")"
      ],
      "execution_count": 0,
      "outputs": [
        {
          "output_type": "stream",
          "text": [
            "Yes\n"
          ],
          "name": "stdout"
        }
      ]
    },
    {
      "cell_type": "markdown",
      "metadata": {
        "id": "8FrecDPiA-Bv",
        "colab_type": "text"
      },
      "source": [
        "Let $A$ denote a randomly initialized three dimensional matrix of shape (2,10,5). Transpose $A$, call it $A^\\prime$, such that its shape is (5,2,10) and print it."
      ]
    },
    {
      "cell_type": "code",
      "metadata": {
        "id": "VbOKqSm6Bkaq",
        "colab_type": "code",
        "outputId": "d29b8d7c-d93c-4cbf-a21d-5cb0a013e7c0",
        "colab": {
          "base_uri": "https://localhost:8080/",
          "height": 622
        }
      },
      "source": [
        "A = np.random.rand(2,10,5)\n",
        "A1 = np.transpose(A,(2,0,1))\n",
        "print(\"A1 =\\n\",A1)\n",
        "print(\"Shape of A1 = \",A1.shape)"
      ],
      "execution_count": 0,
      "outputs": [
        {
          "output_type": "stream",
          "text": [
            "A1 =\n",
            " [[[5.50319567e-01 1.15392660e-01 5.52426082e-01 7.39502122e-01\n",
            "   5.73191805e-01 7.80664742e-01 6.56274828e-01 1.71086515e-01\n",
            "   8.43183731e-01 8.75245177e-01]\n",
            "  [7.92495952e-02 7.54381078e-02 9.23794968e-01 3.10342185e-01\n",
            "   7.95674184e-01 3.04580693e-01 3.02821134e-01 3.04656517e-02\n",
            "   2.13410725e-01 1.77843281e-01]]\n",
            "\n",
            " [[7.75345339e-01 3.24994483e-03 2.76198003e-03 8.75459862e-02\n",
            "   9.23905051e-01 5.00672143e-01 6.10623830e-01 2.43653910e-01\n",
            "   7.33404232e-01 3.27270112e-01]\n",
            "  [9.85942277e-01 4.68970532e-02 8.69255357e-01 7.64284661e-01\n",
            "   7.32043998e-01 7.82175900e-01 5.31365454e-01 2.54207144e-01\n",
            "   3.71812293e-01 2.46946603e-01]]\n",
            "\n",
            " [[1.18395313e-01 6.27471090e-01 5.42650619e-02 8.50970999e-01\n",
            "   5.97689616e-01 4.37324725e-01 3.48144128e-01 7.90002515e-01\n",
            "   1.82381792e-01 4.70039035e-01]\n",
            "  [1.32465374e-01 3.88997350e-01 5.47450210e-02 2.01379929e-01\n",
            "   8.53185757e-01 7.26616183e-01 6.80342075e-01 3.69860725e-01\n",
            "   1.61776468e-01 5.75650360e-02]]\n",
            "\n",
            " [[7.09566075e-01 7.40941010e-04 7.74702532e-01 3.63124763e-01\n",
            "   3.72050617e-01 3.82126144e-01 8.54543665e-01 4.13479273e-01\n",
            "   4.56790783e-01 3.29606301e-01]\n",
            "  [8.80841033e-01 7.25150028e-01 8.45348986e-01 6.11752941e-01\n",
            "   9.21314999e-01 9.66705216e-01 9.42605317e-01 6.12608721e-01\n",
            "   3.42925878e-01 5.60365800e-01]]\n",
            "\n",
            " [[9.62966795e-01 8.08594036e-01 3.30185594e-01 7.58771704e-02\n",
            "   3.32469586e-01 8.87652496e-01 4.19954405e-01 1.12336143e-01\n",
            "   1.02522368e-01 7.79210954e-01]\n",
            "  [8.10788226e-01 6.47336715e-01 4.91489184e-01 5.70535601e-01\n",
            "   7.53560154e-01 2.08756766e-01 9.35684501e-01 7.95082650e-02\n",
            "   6.76615001e-02 1.09412153e-01]]]\n",
            "Shape of A1 =  (5, 2, 10)\n"
          ],
          "name": "stdout"
        }
      ]
    },
    {
      "cell_type": "markdown",
      "metadata": {
        "id": "xR2zd-nkCani",
        "colab_type": "text"
      },
      "source": [
        "You have a matrix $X$ of size (10,5) filled with random values. Print the following :\n",
        "* Minimum value and index where it occured, for each column\n",
        "* Maximum value and the index where it occured, for each column\n",
        "* Minimum value and index where it occured, for each row\n",
        "* Maximum value and index where it occured, for each row\n",
        "* Minimum value and index where it occured, for the entire matrix\n",
        "* Maximum value and index where it occured, for the entire matrix"
      ]
    },
    {
      "cell_type": "code",
      "metadata": {
        "id": "FR2Wd4fWD_Og",
        "colab_type": "code",
        "outputId": "8a9207c0-8843-424b-9291-1526b850f4dd",
        "colab": {
          "base_uri": "https://localhost:8080/",
          "height": 554
        }
      },
      "source": [
        "np.random.seed(0)\n",
        "X = np.random.rand(10,5)\n",
        "print(\"X = \\n\",X,\"\\n\")\n",
        "\n",
        "# For Column\n",
        "print(\"Column wise: \\nMinimum Values & Index\")\n",
        "print(X.min(axis=0))\n",
        "print(X.argmin(axis=0))\n",
        "print(\"Maximum Values & Index\")\n",
        "print(X.max(axis=0))\n",
        "print(X.argmax(axis=0))\n",
        "\n",
        "# For Row\n",
        "print(\"\\nRow wise: \\nMinimum Values & Index\")\n",
        "print(X.min(axis=1))\n",
        "print(X.argmin(axis=1))\n",
        "print(\"Maximum Values & Index\")\n",
        "print(X.max(axis=1))\n",
        "print(X.argmax(axis=1))\n",
        "\n",
        "# For Entire Matrix\n",
        "print(\"\\nMin Value of X \\t Min Index \\t Max Value of X \\t Max Index\")\n",
        "print(np.min(X),\"\\t\",np.argmin(X),\"\\t\\t\",np.max(X),\"\\t\",np.argmax(X))"
      ],
      "execution_count": 0,
      "outputs": [
        {
          "output_type": "stream",
          "text": [
            "X = \n",
            " [[0.5488135  0.71518937 0.60276338 0.54488318 0.4236548 ]\n",
            " [0.64589411 0.43758721 0.891773   0.96366276 0.38344152]\n",
            " [0.79172504 0.52889492 0.56804456 0.92559664 0.07103606]\n",
            " [0.0871293  0.0202184  0.83261985 0.77815675 0.87001215]\n",
            " [0.97861834 0.79915856 0.46147936 0.78052918 0.11827443]\n",
            " [0.63992102 0.14335329 0.94466892 0.52184832 0.41466194]\n",
            " [0.26455561 0.77423369 0.45615033 0.56843395 0.0187898 ]\n",
            " [0.6176355  0.61209572 0.616934   0.94374808 0.6818203 ]\n",
            " [0.3595079  0.43703195 0.6976312  0.06022547 0.66676672]\n",
            " [0.67063787 0.21038256 0.1289263  0.31542835 0.36371077]] \n",
            "\n",
            "Column wise: \n",
            "Minimum Values & Index\n",
            "[0.0871293  0.0202184  0.1289263  0.06022547 0.0187898 ]\n",
            "[3 3 9 8 6]\n",
            "Maximum Values & Index\n",
            "[0.97861834 0.79915856 0.94466892 0.96366276 0.87001215]\n",
            "[4 4 5 1 3]\n",
            "\n",
            "Row wise: \n",
            "Minimum Values & Index\n",
            "[0.4236548  0.38344152 0.07103606 0.0202184  0.11827443 0.14335329\n",
            " 0.0187898  0.61209572 0.06022547 0.1289263 ]\n",
            "[4 4 4 1 4 1 4 1 3 2]\n",
            "Maximum Values & Index\n",
            "[0.71518937 0.96366276 0.92559664 0.87001215 0.97861834 0.94466892\n",
            " 0.77423369 0.94374808 0.6976312  0.67063787]\n",
            "[1 3 3 4 0 2 1 3 2 0]\n",
            "\n",
            "Min Value of X \t Min Index \t Max Value of X \t Max Index\n",
            "0.018789800436355142 \t 34 \t\t 0.978618342232764 \t 20\n"
          ],
          "name": "stdout"
        }
      ]
    },
    {
      "cell_type": "markdown",
      "metadata": {
        "id": "YpjW2ypkEGtS",
        "colab_type": "text"
      },
      "source": [
        "Find and print the following for the matrix X: \n",
        "* Mean of each row and column\n",
        "* Standard deviation of each row and column\n",
        "* Mean of the entire matrix\n",
        "* Standard deviation of entire matrix"
      ]
    },
    {
      "cell_type": "code",
      "metadata": {
        "id": "gMdm2pw0GWjf",
        "colab_type": "code",
        "outputId": "d821b237-6a30-46af-fb0e-af0bf082e7f6",
        "colab": {
          "base_uri": "https://localhost:8080/",
          "height": 286
        }
      },
      "source": [
        "# For Column\n",
        "print(\"Column wise: \\nMean\")\n",
        "print(X.mean(axis=0))\n",
        "print(\"Standard Deviation\")\n",
        "print(X.std(axis=0))\n",
        "\n",
        "# For Row\n",
        "print(\"\\nRow wise: \\nMean\")\n",
        "print(X.mean(axis=1))\n",
        "print(\"Standard Deviation\")\n",
        "print(X.std(axis=1))\n",
        "\n",
        "# For Entire Matrix\n",
        "print(\"\\nMean of X =\\t\\t\\t\",np.mean(X))\n",
        "print(\"Standard Deviation of X =\\t\",np.std(X))"
      ],
      "execution_count": 0,
      "outputs": [
        {
          "output_type": "stream",
          "text": [
            "Column wise: \n",
            "Mean\n",
            "[0.56044382 0.46781457 0.62009909 0.64025127 0.40121685]\n",
            "Standard Deviation\n",
            "[0.24687647 0.25752158 0.22948615 0.28054144 0.26584905]\n",
            "\n",
            "Row wise: \n",
            "Mean\n",
            "[0.56706085 0.66447172 0.57705944 0.51762729 0.62761197 0.5328907\n",
            " 0.41643268 0.69444672 0.44423265 0.33781717]\n",
            "Standard Deviation\n",
            "[0.09445299 0.23322986 0.29189733 0.38052993 0.30431633 0.26338419\n",
            " 0.25841437 0.12727959 0.23169975 0.18537332]\n",
            "\n",
            "Mean of X =\t\t\t 0.5379651182755409\n",
            "Standard Deviation of X =\t 0.27226582292177587\n"
          ],
          "name": "stdout"
        }
      ]
    },
    {
      "cell_type": "markdown",
      "metadata": {
        "id": "7dw7W8HOGXKA",
        "colab_type": "text"
      },
      "source": [
        "Let $Y$ denote a square matrix of size 10 with random values. Print the following:\n",
        "* Determinant\n",
        "* Rank of the matrix\n",
        "* Diagonal Elements\n",
        "* Trace\n",
        "* Eigen values\n",
        "* Matrices obtained after Singular Value Decomposition\n",
        "* Inverse if exists, otherwise Pseudo-Inverse\n",
        "* Multiplication $Y$ with $X$\n",
        "* Element-wise multiplication of $Y$ and its inverse(or pseudo-inverse)"
      ]
    },
    {
      "cell_type": "code",
      "metadata": {
        "id": "Tswbn9hgL7yi",
        "colab_type": "code",
        "outputId": "a63a733b-0f2d-4703-d51d-236e9d64a139",
        "colab": {
          "base_uri": "https://localhost:8080/",
          "height": 1000
        }
      },
      "source": [
        "np.random.seed(3)\n",
        "Y = np.random.rand(10,10)\n",
        "print(\"Y =\\n\",Y)\n",
        "print(\"\\nDeterminant of Y = \",np.linalg.det(Y))\n",
        "print(\"\\nRank of Y = \",np.linalg.matrix_rank(Y))\n",
        "print(\"\\nDiagonal Elements of Y =\\n\",Y.diagonal())\n",
        "print(\"\\nTrace of Y = \",np.trace(Y))\n",
        "print(\"\\nEigen Values of Y =\\n\",np.linalg.eigvals(Y))\n",
        "print(\"\\nMatrices obtained after SVD of Y =\\n\",np.linalg.svd(Y))\n",
        "print(\"\\nInverse of Y =\\n\",np.linalg.inv(Y))\n",
        "print(\"\\nY*X =\\n\",np.matmul(Y,X))\n",
        "print(\"\\nElement-wise multiplication of Y and its inverse =\\n\",np.multiply(Y,(np.linalg.inv(Y))))"
      ],
      "execution_count": 0,
      "outputs": [
        {
          "output_type": "stream",
          "text": [
            "Y =\n",
            " [[0.5507979  0.70814782 0.29090474 0.51082761 0.89294695 0.89629309\n",
            "  0.12558531 0.20724288 0.0514672  0.44080984]\n",
            " [0.02987621 0.45683322 0.64914405 0.27848728 0.6762549  0.59086282\n",
            "  0.02398188 0.55885409 0.25925245 0.4151012 ]\n",
            " [0.28352508 0.69313792 0.44045372 0.15686774 0.54464902 0.78031476\n",
            "  0.30636353 0.22195788 0.38797126 0.93638365]\n",
            " [0.97599542 0.67238368 0.90283411 0.84575087 0.37799404 0.09221701\n",
            "  0.6534109  0.55784076 0.36156476 0.2250545 ]\n",
            " [0.40651992 0.46894025 0.26923558 0.29179277 0.4576864  0.86053391\n",
            "  0.5862529  0.28348786 0.27797751 0.45462208]\n",
            " [0.20541034 0.20137871 0.51403506 0.08722937 0.48358553 0.36217621\n",
            "  0.70768662 0.74674622 0.69109292 0.68918041]\n",
            " [0.37360012 0.6681348  0.33984866 0.57279387 0.32580716 0.44514505\n",
            "  0.06152893 0.24267542 0.97160261 0.2305842 ]\n",
            " [0.69147751 0.65047686 0.72393914 0.47508861 0.59666377 0.06696942\n",
            "  0.07256214 0.19897603 0.151861   0.10010434]\n",
            " [0.12929386 0.55327773 0.18781482 0.95210124 0.68161178 0.54101967\n",
            "  0.7071806  0.26388667 0.92672568 0.83919306]\n",
            " [0.7263195  0.48023996 0.84210319 0.74475232 0.66032591 0.91397527\n",
            "  0.63366556 0.36594058 0.55284457 0.19638058]]\n",
            "\n",
            "Determinant of Y =  -0.012807808169095483\n",
            "\n",
            "Rank of Y =  10\n",
            "\n",
            "Diagonal Elements of Y =\n",
            " [0.5507979  0.45683322 0.44045372 0.84575087 0.4576864  0.36217621\n",
            " 0.06152893 0.19897603 0.92672568 0.19638058]\n",
            "\n",
            "Trace of Y =  4.497309545724899\n",
            "\n",
            "Eigen Values of Y =\n",
            " [ 4.797525  +0.j          0.72411408+0.52238181j  0.72411408-0.52238181j\n",
            " -0.48250062+0.55413671j -0.48250062-0.55413671j -0.6909002 +0.j\n",
            " -0.25905659+0.32357377j -0.25905659-0.32357377j  0.2127855 +0.08352477j\n",
            "  0.2127855 -0.08352477j]\n",
            "\n",
            "Matrices obtained after SVD of Y =\n",
            " (array([[-0.31776408, -0.02455508, -0.60644878, -0.17883359, -0.12672161,\n",
            "         0.14873878, -0.17823942, -0.52859453, -0.02295855, -0.38570883],\n",
            "       [-0.26118514, -0.10864541, -0.24911354,  0.26547359,  0.52168399,\n",
            "        -0.25773901, -0.46995326,  0.21752636, -0.39285046,  0.16234491],\n",
            "       [-0.31347907, -0.34483471, -0.25292297,  0.1214296 ,  0.1486964 ,\n",
            "         0.33436315,  0.54080229,  0.48017168,  0.05660692, -0.20966421],\n",
            "       [-0.35815379,  0.59490017,  0.30255161,  0.15850614, -0.11046295,\n",
            "         0.3051409 ,  0.07395537,  0.03044889, -0.50561658, -0.18384856],\n",
            "       [-0.28385845, -0.18085696, -0.1583078 ,  0.10535533, -0.46807835,\n",
            "        -0.08377643,  0.24075452, -0.16170764, -0.24786952,  0.69201648],\n",
            "       [-0.28871348, -0.27577124,  0.40271105,  0.60433658,  0.11931679,\n",
            "        -0.04899205,  0.02593316, -0.44875145,  0.27874747, -0.12964796],\n",
            "       [-0.27897316,  0.00398904,  0.20819753, -0.52536617,  0.41116881,\n",
            "        -0.41991923,  0.42687225, -0.24145621, -0.12958507, -0.00984813],\n",
            "       [-0.24788529,  0.48136836, -0.15792433, -0.02303902,  0.3246308 ,\n",
            "         0.25755952, -0.01429533, -0.03088365,  0.56052488,  0.44079262],\n",
            "       [-0.37505167, -0.36728578,  0.39799373, -0.45186801, -0.10830044,\n",
            "         0.34456765, -0.4447402 ,  0.14147957,  0.0716725 ,  0.09192695],\n",
            "       [-0.40049601,  0.19846099, -0.02705464,  0.02500837, -0.39745062,\n",
            "        -0.57941613, -0.10288216,  0.3673956 ,  0.33321483, -0.22039139]]), array([4.89636645, 1.42832104, 1.17173389, 0.94068764, 0.76892251,\n",
            "       0.62457278, 0.52105948, 0.28969576, 0.24512275, 0.09350223]), array([[-0.28816735, -0.35560525, -0.33294235, -0.33250662, -0.36658188,\n",
            "        -0.3625847 , -0.26573249, -0.23278667, -0.30457183, -0.29270444],\n",
            "       [ 0.53693497,  0.11306854,  0.39562078,  0.25099719, -0.07369559,\n",
            "        -0.37753546, -0.08584363,  0.00333609, -0.2399022 , -0.51623983],\n",
            "       [-0.084609  , -0.22589744, -0.00306935,  0.1954239 , -0.327784  ,\n",
            "        -0.49318928,  0.42323124,  0.18588504,  0.58200169,  0.02301787],\n",
            "       [ 0.01388163, -0.2631197 ,  0.42190391, -0.53612946,  0.01058633,\n",
            "        -0.04415909,  0.29385139,  0.49501812, -0.32731018,  0.15669071],\n",
            "       [-0.27340804,  0.28220631,  0.28945859, -0.1626885 ,  0.14790418,\n",
            "        -0.35915036, -0.64971879,  0.23854611,  0.29589227,  0.1337842 ],\n",
            "       [ 0.10830593,  0.27974551, -0.20571161,  0.10308827,  0.10096026,\n",
            "        -0.5325142 ,  0.15994871, -0.16150892, -0.3941055 ,  0.59692177],\n",
            "       [ 0.44882085,  0.34972045, -0.01773924, -0.50737391, -0.52251393,\n",
            "         0.11970007, -0.02807841, -0.20137782,  0.25705553,  0.15409283],\n",
            "       [-0.35599817, -0.05022624,  0.63427946,  0.20935183, -0.34847081,\n",
            "         0.11510691,  0.03182222, -0.47748403, -0.1161671 ,  0.21777064],\n",
            "       [ 0.18417681, -0.32168889,  0.15954963, -0.32397524,  0.5548368 ,\n",
            "        -0.1807982 ,  0.08626619, -0.55063636,  0.28439362, -0.01119242],\n",
            "       [-0.41560913,  0.59522266,  0.02089304, -0.23979844,  0.13515565,\n",
            "        -0.0893732 ,  0.44674689, -0.10709455, -0.02239562, -0.42098815]]))\n",
            "\n",
            "Inverse of Y =\n",
            " [[ 2.31470983 -1.92264991  0.7642126   0.78096977 -2.74248585  1.20175092\n",
            "   0.38693174 -1.37664514 -0.96484143  0.83123246]\n",
            " [-2.24504111  1.25605742 -0.91466223 -0.39587642  4.71823627 -1.32162185\n",
            "   0.52594984  2.39368168  0.33051878 -2.33540101]\n",
            " [-1.41290916  0.66149939  0.94968095 -0.18869248 -0.50069581 -0.55664939\n",
            "  -0.55275157  0.57384943 -0.04209635  1.11025544]\n",
            " [ 0.88051129  0.37055438  0.15632501  1.25248223 -1.81219563 -0.7249179\n",
            "  -0.19613524 -1.81766381  0.56943994  0.52226388]\n",
            " [ 0.39743656 -0.28842728 -1.09880632 -1.57965965  0.36480771  0.90235521\n",
            "  -0.47743451  2.09911148  0.53638288 -0.04562024]\n",
            " [ 0.36068175  0.22958502  0.33426258  0.10367281 -0.06700744 -0.37158555\n",
            "   0.22972702 -1.26286862 -0.45133033  0.75430018]\n",
            " [-2.01045364  0.19347423 -1.01393804 -0.74303568  3.56449935 -0.31892146\n",
            "  -0.67116163  2.01265699  0.72873355 -0.69454601]\n",
            " [ 1.18043988  0.86047396 -0.88991494  1.30425635 -0.14247318  0.69661973\n",
            "   0.5413572  -1.69774697 -0.60797727 -1.00698216]\n",
            " [-0.1679456  -0.63197036 -0.0540802  -0.73587818 -0.46423184  0.67805628\n",
            "   0.88551393  0.37662528 -0.03416891  0.42341327]\n",
            " [ 1.3938872  -0.74982353  1.96636643  1.00676681 -3.21953806  0.44078124\n",
            "  -0.40298654 -1.90114336 -0.04414834  0.55576763]]\n",
            "\n",
            "Y*X =\n",
            " [[2.95726101 2.04939653 3.09073485 3.22311637 1.78554985]\n",
            " [2.61266989 1.75663954 2.48635951 2.79783984 1.50654432]\n",
            " [2.98361778 2.02894044 2.82637865 2.88685728 1.69799548]\n",
            " [2.98565892 2.85485651 3.58995669 4.0073463  2.2697569 ]\n",
            " [2.49815821 1.97791033 2.77809758 2.71690515 1.59098767]\n",
            " [2.72146909 2.39905911 2.58780909 2.78212857 1.71792628]\n",
            " [2.22935358 1.74438251 2.94718357 2.48955906 2.05838199]\n",
            " [2.30476788 1.92350098 2.41698824 2.81379687 1.38016019]\n",
            " [2.91925254 2.36604123 3.53647969 3.30424184 2.52990887]\n",
            " [3.39559098 2.84629279 4.05845051 4.01068273 2.35816262]]\n",
            "\n",
            "Element-wise multiplication of Y and its inverse =\n",
            " [[ 1.27493732 -1.36152035  0.22231307  0.39894092 -2.44889439  1.07712104\n",
            "   0.04859294 -0.2852999  -0.04965769  0.36641545]\n",
            " [-0.06707332  0.57380876 -0.59374754 -0.11024655  3.19073041 -0.78089721\n",
            "   0.01261327  1.33771879  0.0856878  -0.96942775]\n",
            " [-0.40059519  0.45851031  0.4182905  -0.02959976 -0.27270348 -0.43436174\n",
            "  -0.16934292  0.12737041 -0.01633217  1.03962504]\n",
            " [ 0.85937499  0.24915472  0.14113555  1.05928794 -0.68499915 -0.06684976\n",
            "  -0.12815691 -1.01396696  0.20588942  0.11753784]\n",
            " [ 0.16156588 -0.13525516 -0.29583776 -0.46093327  0.16696753  0.77650726\n",
            "  -0.27989737  0.59507263  0.14910237 -0.02073997]\n",
            " [ 0.07408776  0.04623354  0.17182269  0.00904331 -0.03240383 -0.13457945\n",
            "   0.16257474 -0.94304237 -0.3119112   0.51984891]\n",
            " [-0.75110573  0.12926687 -0.34458549 -0.42560628  1.1613394  -0.14196631\n",
            "  -0.04129586  0.48842239  0.70803941 -0.16015134]\n",
            " [ 0.81624763  0.5597184  -0.64424426  0.61963734 -0.08500859  0.04665222\n",
            "   0.03928204 -0.33781095 -0.09232803 -0.10080329]\n",
            " [-0.02171434 -0.34965513 -0.01015706 -0.70063053 -0.31642589  0.36684179\n",
            "   0.62621827  0.09938639 -0.03166521  0.35532547]\n",
            " [ 1.01240745 -0.36009522  1.65588343  0.74979192 -2.12594439  0.40286315\n",
            "  -0.25535869 -0.69570551 -0.02440717  0.10914197]]\n"
          ],
          "name": "stdout"
        }
      ]
    },
    {
      "cell_type": "markdown",
      "metadata": {
        "id": "Qne3RnfOL6-4",
        "colab_type": "text"
      },
      "source": [
        "## End of Part - 1\n",
        " --- --- ---"
      ]
    },
    {
      "cell_type": "markdown",
      "metadata": {
        "id": "LA-m4UYkMPTe",
        "colab_type": "text"
      },
      "source": [
        "## Part - 2\n",
        "---\n",
        "In this part, you will be working with the library ```pandas```. Import this library with an alias name ```pd```."
      ]
    },
    {
      "cell_type": "code",
      "metadata": {
        "id": "i8z7TpnZSIms",
        "colab_type": "code",
        "colab": {}
      },
      "source": [
        "# Initial imports\n",
        "import numpy as np\n",
        "import matplotlib.pyplot as plt\n",
        "import pandas as pd"
      ],
      "execution_count": 0,
      "outputs": []
    },
    {
      "cell_type": "markdown",
      "metadata": {
        "id": "2v-HkHnyuQ3X",
        "colab_type": "text"
      },
      "source": [
        "Download dataset from: http://biostat.mc.vanderbilt.edu/wiki/pub/Main/DataSets/titanic3.csv\n",
        "Read the data and display the first 5 rows"
      ]
    },
    {
      "cell_type": "code",
      "metadata": {
        "id": "LinX5ywNTUIm",
        "colab_type": "code",
        "outputId": "c74a336a-46fb-4274-a65a-909e381b545d",
        "colab": {
          "base_uri": "https://localhost:8080/",
          "height": 195
        }
      },
      "source": [
        "#Download dataset from: http://biostat.mc.vanderbilt.edu/wiki/pub/Main/DataSets/titanic3.csv\n",
        "file_url = \"http://biostat.mc.vanderbilt.edu/wiki/pub/Main/DataSets/titanic3.csv\"\n",
        "df = pd.read_csv(file_url)\n",
        "df.head(5)"
      ],
      "execution_count": 0,
      "outputs": [
        {
          "output_type": "execute_result",
          "data": {
            "text/html": [
              "<div>\n",
              "<style scoped>\n",
              "    .dataframe tbody tr th:only-of-type {\n",
              "        vertical-align: middle;\n",
              "    }\n",
              "\n",
              "    .dataframe tbody tr th {\n",
              "        vertical-align: top;\n",
              "    }\n",
              "\n",
              "    .dataframe thead th {\n",
              "        text-align: right;\n",
              "    }\n",
              "</style>\n",
              "<table border=\"1\" class=\"dataframe\">\n",
              "  <thead>\n",
              "    <tr style=\"text-align: right;\">\n",
              "      <th></th>\n",
              "      <th>pclass</th>\n",
              "      <th>survived</th>\n",
              "      <th>name</th>\n",
              "      <th>sex</th>\n",
              "      <th>age</th>\n",
              "      <th>sibsp</th>\n",
              "      <th>parch</th>\n",
              "      <th>ticket</th>\n",
              "      <th>fare</th>\n",
              "      <th>cabin</th>\n",
              "      <th>embarked</th>\n",
              "      <th>boat</th>\n",
              "      <th>body</th>\n",
              "      <th>home.dest</th>\n",
              "    </tr>\n",
              "  </thead>\n",
              "  <tbody>\n",
              "    <tr>\n",
              "      <th>0</th>\n",
              "      <td>1</td>\n",
              "      <td>1</td>\n",
              "      <td>Allen, Miss. Elisabeth Walton</td>\n",
              "      <td>female</td>\n",
              "      <td>29.00</td>\n",
              "      <td>0</td>\n",
              "      <td>0</td>\n",
              "      <td>24160</td>\n",
              "      <td>211.3375</td>\n",
              "      <td>B5</td>\n",
              "      <td>S</td>\n",
              "      <td>2</td>\n",
              "      <td>NaN</td>\n",
              "      <td>St Louis, MO</td>\n",
              "    </tr>\n",
              "    <tr>\n",
              "      <th>1</th>\n",
              "      <td>1</td>\n",
              "      <td>1</td>\n",
              "      <td>Allison, Master. Hudson Trevor</td>\n",
              "      <td>male</td>\n",
              "      <td>0.92</td>\n",
              "      <td>1</td>\n",
              "      <td>2</td>\n",
              "      <td>113781</td>\n",
              "      <td>151.5500</td>\n",
              "      <td>C22 C26</td>\n",
              "      <td>S</td>\n",
              "      <td>11</td>\n",
              "      <td>NaN</td>\n",
              "      <td>Montreal, PQ / Chesterville, ON</td>\n",
              "    </tr>\n",
              "    <tr>\n",
              "      <th>2</th>\n",
              "      <td>1</td>\n",
              "      <td>0</td>\n",
              "      <td>Allison, Miss. Helen Loraine</td>\n",
              "      <td>female</td>\n",
              "      <td>2.00</td>\n",
              "      <td>1</td>\n",
              "      <td>2</td>\n",
              "      <td>113781</td>\n",
              "      <td>151.5500</td>\n",
              "      <td>C22 C26</td>\n",
              "      <td>S</td>\n",
              "      <td>NaN</td>\n",
              "      <td>NaN</td>\n",
              "      <td>Montreal, PQ / Chesterville, ON</td>\n",
              "    </tr>\n",
              "    <tr>\n",
              "      <th>3</th>\n",
              "      <td>1</td>\n",
              "      <td>0</td>\n",
              "      <td>Allison, Mr. Hudson Joshua Creighton</td>\n",
              "      <td>male</td>\n",
              "      <td>30.00</td>\n",
              "      <td>1</td>\n",
              "      <td>2</td>\n",
              "      <td>113781</td>\n",
              "      <td>151.5500</td>\n",
              "      <td>C22 C26</td>\n",
              "      <td>S</td>\n",
              "      <td>NaN</td>\n",
              "      <td>135.0</td>\n",
              "      <td>Montreal, PQ / Chesterville, ON</td>\n",
              "    </tr>\n",
              "    <tr>\n",
              "      <th>4</th>\n",
              "      <td>1</td>\n",
              "      <td>0</td>\n",
              "      <td>Allison, Mrs. Hudson J C (Bessie Waldo Daniels)</td>\n",
              "      <td>female</td>\n",
              "      <td>25.00</td>\n",
              "      <td>1</td>\n",
              "      <td>2</td>\n",
              "      <td>113781</td>\n",
              "      <td>151.5500</td>\n",
              "      <td>C22 C26</td>\n",
              "      <td>S</td>\n",
              "      <td>NaN</td>\n",
              "      <td>NaN</td>\n",
              "      <td>Montreal, PQ / Chesterville, ON</td>\n",
              "    </tr>\n",
              "  </tbody>\n",
              "</table>\n",
              "</div>"
            ],
            "text/plain": [
              "   pclass  survived  ...   body                        home.dest\n",
              "0       1         1  ...    NaN                     St Louis, MO\n",
              "1       1         1  ...    NaN  Montreal, PQ / Chesterville, ON\n",
              "2       1         0  ...    NaN  Montreal, PQ / Chesterville, ON\n",
              "3       1         0  ...  135.0  Montreal, PQ / Chesterville, ON\n",
              "4       1         0  ...    NaN  Montreal, PQ / Chesterville, ON\n",
              "\n",
              "[5 rows x 14 columns]"
            ]
          },
          "metadata": {
            "tags": []
          },
          "execution_count": 11
        }
      ]
    },
    {
      "cell_type": "markdown",
      "metadata": {
        "id": "vTk1-mF5WYFN",
        "colab_type": "text"
      },
      "source": [
        "### Preprocessing of the Dataset"
      ]
    },
    {
      "cell_type": "markdown",
      "metadata": {
        "id": "kx9UrI9WWt17",
        "colab_type": "text"
      },
      "source": [
        "\n",
        "\n",
        "---\n",
        "\n",
        "\n",
        "**1. Convert the categorical values of columns 'sex', 'embarked', 'pclass' into dummy values and add them into titanic_data_new DataFrame**\n",
        "\n",
        "\n",
        "\n",
        "\n",
        "---\n",
        "\n"
      ]
    },
    {
      "cell_type": "code",
      "metadata": {
        "id": "AwDh9njbZ0QU",
        "colab_type": "code",
        "colab": {}
      },
      "source": [
        "titanic_data_new = pd.get_dummies(data=df,columns=['sex','embarked','pclass'])"
      ],
      "execution_count": 0,
      "outputs": []
    },
    {
      "cell_type": "markdown",
      "metadata": {
        "id": "Z9bxOfzDbY-n",
        "colab_type": "text"
      },
      "source": [
        "\n",
        "\n",
        "---\n",
        "\n",
        "\n",
        "**2. Fill the missing data in Age and Fare columns with the mean value of the respected column then add these columns to titanic_data_new**\n",
        "\n",
        "\n",
        "---\n",
        "\n"
      ]
    },
    {
      "cell_type": "code",
      "metadata": {
        "id": "DNx7Pr0ehhAs",
        "colab_type": "code",
        "colab": {}
      },
      "source": [
        "titanic_data_new['age'] = titanic_data_new['age'].fillna(titanic_data_new['age'].mean())\n",
        "titanic_data_new['fare'] = titanic_data_new['fare'].fillna(titanic_data_new['fare'].mean())"
      ],
      "execution_count": 0,
      "outputs": []
    },
    {
      "cell_type": "markdown",
      "metadata": {
        "id": "SlRzKfhxkd1M",
        "colab_type": "text"
      },
      "source": [
        "###Normalization\n",
        "\n",
        "\n",
        "---\n",
        "\n",
        "\n",
        "\n",
        "1. Normalize the columns which have numerical data\n",
        "\n",
        "\n",
        "\n",
        "---\n",
        "\n"
      ]
    },
    {
      "cell_type": "code",
      "metadata": {
        "id": "Y3hpu92TlM38",
        "colab_type": "code",
        "colab": {}
      },
      "source": [
        "norm_age = (titanic_data_new['age'] - titanic_data_new['age'].mean()) / titanic_data_new['age'].std()\n",
        "norm_fare = (titanic_data_new['fare'] - titanic_data_new['fare'].mean()) / titanic_data_new['fare'].std()"
      ],
      "execution_count": 0,
      "outputs": []
    },
    {
      "cell_type": "markdown",
      "metadata": {
        "id": "wB9-5x83mFAO",
        "colab_type": "text"
      },
      "source": [
        "\n",
        "\n",
        "---\n",
